Looping time: 1
best board unchanged
it wins with winning rate 0.631578947368421
[[-7.21058272  3.87554195  5.92347993 -1.         -1.74425079 -2.31321367
  -2.55557291  4.88789311]
 [-4.85994132 -7.81981015 -1.         -7.49447832 -1.74083812 -1.
  -1.          0.90313424]
 [-8.29762335  1.50272636  5.95528093  1.82424755 -1.30827312  4.00222514
  -2.54639918 -1.8944141 ]
 [-4.06149662 -1.         -1.          1.06790108  0.18127988 -0.97725584
   2.85718616 -1.        ]
 [-5.25422654 -0.85514472 -1.          5.00078704 -1.          3.89489183
  -3.37427262 -1.65687982]
 [-7.71764358  6.02349163 -7.46841559 -6.95178941  3.40860658  4.60368999
  -1.         -5.89620348]
 [-1.          3.67664457  6.36187369  0.61355893 -1.         -1.
   3.83120619 -1.00290374]
 [-3.17922899  3.23101978  3.02116934 -0.5245991  -5.37077751 -1.
  -5.73287551  1.3714236 ]]

Looping time: 1
best board changed
it wins with winning rate 0.7105263157894737
[[ -8.97055853   0.33165547   9.45803361  -1.56025247   4.57836631
   -3.95873067  -7.98216469   4.88789311]
 [ -1.37341865 -10.36904505  -1.          -7.49447832  -8.9112085
   -1.           3.31522088  -4.07214436]
 [ -1.8828819    3.31037895   0.70634559  -1.88865925  -1.30827312
   -3.08876709  -2.54639918  -8.05012431]
 [ -9.29936072  -3.16285767  -2.42932959   0.95259838  -2.65725716
   -0.97725584  10.01709883  -1.        ]
 [ -8.8175277   -1.51637893  -2.44331787  -2.18895645  -7.98589683
    5.12494726  -3.37427262   1.13478241]
 [ -7.27856355  13.2003099   -7.46841559  -5.96121587  10.43667939
    4.60368999   2.30126683  -8.09586899]
 [ -1.           3.67664457  10.07279734   5.35894559   5.78460069
    0.88569612   8.07298691   6.3091616 ]
 [ -8.56784786  -2.38126249   3.02116934  -0.5245991    1.32956341
   -1.          -5.73287551  -3.31375763]]

Looping time: 1
best board changed
it wins with winning rate 0.6842105263157895
[[ -8.97055853   0.33165547  12.86453293   2.21395654  -1.33972969
   -6.50579408  -9.15651631   4.88789311]
 [ -2.16404023 -10.006617     5.15588596  -3.15441223  -4.30851821
   -5.19760718   9.91574055 -10.82524538]
 [ -5.87244299  -1.38828302   2.77745002  -0.22696111   1.76558254
   -6.32240723  -2.54639918  -8.67570944]
 [ -9.05749624  -3.16285767  -2.42932959   0.95259838  -2.65725716
   -1.12422488   5.74839272  -7.8428912 ]
 [-16.25940945  -6.9102741   -2.44331787   4.87118045  -1.66501813
    2.71750336   2.36821016   1.13478241]
 [ -7.94239778   6.13274665  -9.43785371  -5.59349682   5.96100318
    8.13772984   7.70118282 -10.43676335]
 [ -7.83245648   3.67664457   9.48676323  -1.42902639   5.78460069
    0.88569612   2.34484146   0.29011814]
 [ -8.56784786   3.90724988  -3.32168101   3.2978193    1.32956341
   -5.79415913 -11.31159334  -3.31375763]]

Looping time: 2
best board changed
it wins with winning rate 0.6578947368421053
[[ -8.97055853   0.33165547  10.74568664   3.17844398  -1.33972969
   -4.62624034  -1.83192447   7.5967301 ]
 [  0.65157999  -9.22975083   5.15588596  -3.15441223  -4.30851821
   -6.34687317  -2.32635165 -10.82524538]
 [ -3.82001431   6.14272209   2.77745002  -0.22696111  -1.54284091
  -10.48058341   4.77712805 -10.17179479]
 [ -9.05749624  -3.16285767   4.75760761  -1.55454361  -2.65725716
   -8.14466841   1.87639303  -1.86528949]
 [ -9.24314648  -1.32118826  -7.97645258   4.87118045  -1.66501813
    2.71750336   2.36821016  -2.76326147]
 [ -7.27856355  10.01847862  -9.43785371  -5.59349682   5.96100318
    6.04355228   7.70118282  -8.22750408]
 [ -2.82027895   1.69548264   8.78889329  10.53622623  12.36858021
    1.89607027   2.34484146   0.29011814]
 [ -8.56784786   3.90724988  -7.18511573   1.5712202    1.10151874
   -5.79415913   1.75842988  -9.60062018]]

Looping time: 3
best board changed
it wins with winning rate 0.7105263157894737
[[-15.62792417   5.78224431   6.73922943 -10.02496555   5.15745619
   -6.50579408  -5.7804855    4.88789311]
 [ -3.62640779  -9.42692205   5.15588596  -3.15441223  -4.30851821
   -5.19760718   3.5369819  -14.6060568 ]
 [-12.36196678   4.26207776   2.77745002  -1.88865925   8.62500893
    0.65526899  -9.30787412 -14.52362423]
 [-12.47830885  -2.98475586   3.00949062   0.95259838   1.12891153
   -7.98017802  10.65833439  -4.31684248]
 [-16.25940945  -1.51637893  -6.10541892   8.80175695  -1.66501813
    8.74281945   2.36821016   3.73711172]
 [ -7.27856355   0.65771974 -11.51067523  -5.96121587   5.96100318
    3.23387257   7.70118282 -14.23301018]
 [ -1.87138105   1.20847173   8.34934817  -1.42902639   0.92419518
    3.00110541   2.34484146  13.15647204]
 [ -8.56784786  -4.70064809  -5.4620963    3.2978193    1.32956341
   -5.79415913 -11.31159334 -10.70850616]]

Looping time: 4
best board changed
it wins with winning rate 0.7105263157894737
[[ -8.97055853   0.33165547  12.86453293   2.21395654  -1.33972969
   -6.50579408  -9.15651631   4.88789311]
 [ -2.16404023 -10.006617     5.15588596  -3.15441223  -4.30851821
   -5.19760718   9.91574055 -10.82524538]
 [ -5.87244299  -1.38828302   2.77745002  -0.22696111   1.76558254
   -6.32240723  -2.54639918  -8.67570944]
 [ -9.05749624  -3.16285767  -2.42932959   0.95259838  -2.65725716
   -1.12422488   5.74839272  -7.8428912 ]
 [-16.25940945  -6.9102741   -2.44331787   4.87118045  -1.66501813
    2.71750336   2.36821016   1.13478241]
 [ -7.94239778   6.13274665  -9.43785371  -5.59349682   5.96100318
    8.13772984   7.70118282 -10.43676335]
 [ -7.83245648   3.67664457   9.48676323  -1.42902639   5.78460069
    0.88569612   2.34484146   0.29011814]
 [ -8.56784786   3.90724988  -3.32168101   3.2978193    1.32956341
   -5.79415913 -11.31159334  -3.31375763]]

Looping time: 5
best board changed
it wins with winning rate 0.631578947368421
[[-15.62792417   5.78224431   6.73922943 -10.02496555   5.15745619
   -6.50579408  -5.7804855    4.88789311]
 [ -3.62640779  -9.42692205   5.15588596  -3.15441223  -4.30851821
   -5.19760718   3.5369819  -14.6060568 ]
 [-12.36196678   4.26207776   2.77745002  -1.88865925   8.62500893
    0.65526899  -9.30787412 -14.52362423]
 [-12.47830885  -2.98475586   3.00949062   0.95259838   1.12891153
   -7.98017802  10.65833439  -4.31684248]
 [-16.25940945  -1.51637893  -6.10541892   8.80175695  -1.66501813
    8.74281945   2.36821016   3.73711172]
 [ -7.27856355   0.65771974 -11.51067523  -5.96121587   5.96100318
    3.23387257   7.70118282 -14.23301018]
 [ -1.87138105   1.20847173   8.34934817  -1.42902639   0.92419518
    3.00110541   2.34484146  13.15647204]
 [ -8.56784786  -4.70064809  -5.4620963    3.2978193    1.32956341
   -5.79415913 -11.31159334 -10.70850616]]

Looping time: 6
best board changed
it wins with winning rate 0.6578947368421053
[[ -6.25820505   0.33165547  10.26678525  -5.94829399   4.95791924
   -3.95873067  -2.25408487   8.13460026]
 [ -7.09625627 -10.36904505  -1.          -2.04620547  -8.9112085
   -0.97657761   6.24258359  -4.07214436]
 [ -1.8828819    0.38901426   0.70634559  -1.88865925   5.42241217
    3.88076455  -2.54639918  -8.05012431]
 [-14.48914368  -1.73079491   4.10374109   3.90529742  -7.08345529
    6.24856233  12.84524748  -2.86217914]
 [ -8.8175277    4.3697954   -2.44331787  -8.06686912  -6.72210335
    4.92291923  -3.37427262   1.13478241]
 [ -2.36993678  18.54583059  -7.46841559  -1.04890545  10.43667939
    4.60368999   3.92508048  -4.97389575]
 [ -8.18246371   1.99991505  10.07279734  11.6028011    5.78460069
    2.20892733   8.17491375   6.00831069]
 [ -3.5704466   -0.20644915  -1.76355501  -5.63150301   1.32956341
   -1.         -12.20021622  -4.91509725]]

Looping time: 7
best board changed
it wins with winning rate 0.6842105263157895
[[-15.62792417   5.78224431   6.73922943 -10.02496555   5.15745619
   -6.50579408  -5.7804855    4.88789311]
 [ -3.62640779  -9.42692205   5.15588596  -3.15441223  -4.30851821
   -5.19760718   3.5369819  -14.6060568 ]
 [-12.36196678   4.26207776   2.77745002  -1.88865925   8.62500893
    0.65526899  -9.30787412 -14.52362423]
 [-12.47830885  -2.98475586   3.00949062   0.95259838   1.12891153
   -7.98017802  10.65833439  -4.31684248]
 [-16.25940945  -1.51637893  -6.10541892   8.80175695  -1.66501813
    8.74281945   2.36821016   3.73711172]
 [ -7.27856355   0.65771974 -11.51067523  -5.96121587   5.96100318
    3.23387257   7.70118282 -14.23301018]
 [ -1.87138105   1.20847173   8.34934817  -1.42902639   0.92419518
    3.00110541   2.34484146  13.15647204]
 [ -8.56784786  -4.70064809  -5.4620963    3.2978193    1.32956341
   -5.79415913 -11.31159334 -10.70850616]]

Looping time: 8
best board unchanged
it wins with winning rate 0.6578947368421053
[[-15.62792417   5.78224431   6.73922943 -10.02496555   5.15745619
   -6.50579408  -5.7804855    4.88789311]
 [ -3.62640779  -9.42692205   5.15588596  -3.15441223  -4.30851821
   -5.19760718   3.5369819  -14.6060568 ]
 [-12.36196678   4.26207776   2.77745002  -1.88865925   8.62500893
    0.65526899  -9.30787412 -14.52362423]
 [-12.47830885  -2.98475586   3.00949062   0.95259838   1.12891153
   -7.98017802  10.65833439  -4.31684248]
 [-16.25940945  -1.51637893  -6.10541892   8.80175695  -1.66501813
    8.74281945   2.36821016   3.73711172]
 [ -7.27856355   0.65771974 -11.51067523  -5.96121587   5.96100318
    3.23387257   7.70118282 -14.23301018]
 [ -1.87138105   1.20847173   8.34934817  -1.42902639   0.92419518
    3.00110541   2.34484146  13.15647204]
 [ -8.56784786  -4.70064809  -5.4620963    3.2978193    1.32956341
   -5.79415913 -11.31159334 -10.70850616]]

